0,13,7,0,0,0,10,0,2,16,0,0,4,9,8,0,
15,11,0,0,3,0,9,4,0,0,0,0,6,5,0,1,
2,0,0,0,0,1,16,0,7,0,14,0,0,15,13,3,
0,0,0,9,0,5,8,0,0,15,11,0,14,0,16,10,
0,7,0,0,2,15,0,8,0,5,0,3,0,0,0,0,
0,0,1,2,12,13,7,0,6,0,0,0,5,3,0,0,
10,15,6,12,0,4,1,3,0,0,0,8,16,0,0,11,
0,8,0,0,14,0,11,0,4,0,7,0,0,12,0,6,
16,0,2,0,0,9,0,5,0,14,0,7,0,0,1,0,
5,0,0,7,1,0,0,0,10,3,4,0,2,11,14,9,
0,0,8,3,0,0,0,14,0,1,5,11,12,16,0,0,
0,0,0,0,15,0,3,0,9,0,2,16,0,0,5,0,
8,2,0,13,0,3,4,0,0,10,15,0,9,0,0,0,
4,12,5,0,0,2,0,7,0,6,13,0,0,0,0,16,
6,0,3,16,0,0,0,0,8,7,0,2,0,0,12,5,
0,1,14,15,0,0,5,6,0,9,0,0,0,13,3,0,
